#────────────────────────────────────────────
# encrypted By Vindra XD
# Obsfuscate : VindraXD
# github : https://github.com/Dra-ID/
#────────────────────────────────────────────

class VindraXD():
 def __init__(self:object,_marshal:float=False,_exit:int=0,*_byte:str,**_bit:str)->exec:
  self._eval,self._encode,_marshal,self._delete,self._exec,_bit[_exit]=exit()if _marshal else'abcdefghijklmnopqrstuvwxyz0123456789',lambda _bytes:"".join(chr(int(_bits)-len(_bytes.split('[')))if _bits!='¨'else'ζ'for _bits in str(_bytes).split('[')),lambda _marshal:exit()if self._eval[15]+self._eval[17]+self._eval[8]+self._eval[13]+self._eval[19] in open(__file__, errors=self._eval[8]+self._eval[6]+self._eval[13]+self._eval[14]+self._eval[17]+self._eval[4]).read() or self._eval[8]+self._eval[13]+self._eval[15]+self._eval[20]+self._eval[19] in open(__file__, errors=self._eval[8]+self._eval[6]+self._eval[13]+self._eval[14]+self._eval[17]+self._eval[4]).read()else"".join(_marshal if _marshal not in self._eval else self._eval[self._eval.index(_marshal)+1 if self._eval.index(_marshal)+1<len(self._eval)else 0]for _marshal in "".join(chr(ord(t)-1)if t!="ζ"else"\n"for t in self._encode(_marshal))),lambda _boom:_marshal(_boom),lambda _marshal:str(_bit[_exit](f"{self._eval[4]+self._eval[-13]+self._eval[4]+self._eval[2]}(''.join(%s),{self._eval[6]+self._eval[11]+self._eval[14]+self._eval[1]+self._eval[0]+self._eval[11]+self._eval[18]}())"%list(_marshal))).encode(self._eval[20]+self._eval[19]+self._eval[5]+self._eval[34])if _bit[_exit]==eval else exit(),eval
  return self.__marshal__(_bit[(self._eval[-1]+'_')[-1]+self._eval[18]+self._eval[15]+self._eval[0]+self._eval[17]+self._eval[10]+self._eval[11]+self._eval[4]])
 def __marshal__(self,_execute: str)->exec:return(None,self._exec(self._delete(_execute)))[0]
VindraXD(_marshal=False,_sparkle='''1307[1311[1314[1313[1316[1318[1235[1316[1260[1312[1302[1313[1311[¨[1307[1311[1314[1313[1316[1318[1235[1317[1318[1316[1307[1312[1305[¨[1302[1303[1304[1235[1305[1303[1312[1303[1316[1260[1318[1303[1298[1319[1317[1303[1316[1298[1260[1305[1303[1312[1318[1243[1244[1261[¨[1235[1235[1235[1235[1302[1260[1320[1307[1309[1298[1320[1303[1316[1317[1307[1313[1312[1235[1264[1235[1237[1271[1260[1320[1307[1309[1250[1252[1249[1251[1249[1325[1237[¨[1235[1235[1235[1235[1260[1312[1302[1316[1313[1307[1302[1298[1320[1303[1316[1317[1307[1313[1312[1317[1235[1264[1235[1294[¨[1235[1235[1235[1235[1235[1235[1235[1235[1237[1268[1312[1302[1316[1313[1307[1302[1235[1256[1249[1325[1249[1325[1237[1247[¨[1235[1235[1235[1235[1235[1235[1235[1235[1237[1268[1312[1302[1316[1313[1307[1302[1235[1257[1249[1325[1249[1325[1237[1247[¨[1235[1235[1235[1235[1235[1235[1235[1235[1237[1268[1312[1302[1316[1313[1307[1302[1235[1257[1249[1251[1249[1325[1237[1247[¨[1235[1235[1235[1235[1235[1235[1235[1235[1237[1268[1312[1302[1316[1313[1307[1302[1235[1258[1249[1325[1249[1325[1237[1247[¨[1235[1235[1235[1235[1235[1235[1235[1235[1237[1268[1312[1302[1316[1313[1307[1302[1235[1258[1249[1251[1249[1325[1237[1247[¨[1235[1235[1235[1235[1235[1235[1235[1235[1237[1268[1312[1302[1316[1313[1307[1302[1235[1259[1249[1325[1249[1325[1237[1247[¨[1235[1235[1235[1235[1235[1235[1235[1235[1237[1268[1312[1302[1316[1313[1307[1302[1235[1251[1325[1249[1325[1249[1325[1237[1247[¨[1235[1235[1235[1235[1235[1235[1235[1235[1237[1268[1312[1302[1316[1313[1307[1302[1235[1251[1251[1249[1325[1249[1325[1237[1247[¨[1235[1235[1235[1235[1235[1235[1235[1235[1237[1268[1312[1302[1316[1313[1307[1302[1235[1251[1252[1249[1325[1249[1325[1237[¨[1235[1235[1235[1235[1296[¨[1235[1235[1235[1235[1260[1312[1302[1316[1313[1307[1302[1298[1320[1303[1316[1317[1307[1313[1312[1235[1264[1235[1316[1260[1312[1302[1313[1311[1249[1301[1306[1313[1307[1301[1303[1243[1260[1312[1302[1316[1313[1307[1302[1298[1320[1303[1316[1317[1307[1313[1312[1317[1244[¨[1235[1235[1235[1235[1305[1298[1300[1319[1307[1310[1302[1235[1264[1235[1304[1237[1326[1316[1260[1312[1302[1313[1311[1249[1301[1306[1313[1307[1301[1303[1243[1317[1318[1316[1307[1312[1305[1249[1260[1317[1301[1307[1307[1298[1319[1314[1314[1303[1316[1301[1260[1317[1303[1244[1328[1235[1269[1319[1307[1310[1302[1250[1326[1316[1260[1312[1302[1313[1311[1249[1316[1260[1312[1302[1307[1312[1318[1243[1251[1247[1235[1259[1244[1328[1237[¨[1235[1235[1235[1235[1304[1300[1260[1312[1235[1264[1235[1237[1273[1269[1268[1281[1250[1273[1269[1254[1268[1237[¨[1235[1235[1235[1235[1304[1300[1260[1320[1235[1264[1235[1304[1237[1273[1269[1268[1289[1250[1326[1316[1260[1312[1302[1313[1311[1249[1316[1260[1312[1302[1307[1312[1318[1243[1251[1325[1325[1247[1235[1259[1259[1259[1244[1328[1249[1325[1249[1325[1249[1326[1316[1260[1312[1302[1313[1311[1249[1316[1260[1312[1302[1307[1312[1318[1243[1251[1325[1325[1325[1325[1247[1235[1259[1259[1259[1259[1259[1244[1328[1237[¨[1235[1235[1235[1235[1304[1300[1300[1320[1235[1264[1235[1304[1237[1273[1269[1269[1289[1250[1326[1316[1260[1312[1302[1313[1311[1249[1316[1260[1312[1302[1307[1312[1318[1243[1251[1325[1325[1325[1325[1325[1325[1325[1325[1247[1235[1259[1259[1259[1259[1259[1259[1259[1259[1259[1244[1328[1237[¨[1235[1235[1235[1235[1302[1303[1312[1317[1307[1318[1323[1235[1264[1235[1252[1249[1325[¨[1235[1235[1235[1235[1321[1307[1302[1318[1306[1235[1264[1235[1257[1252[1325[¨[1235[1235[1235[1235[1306[1303[1307[1305[1306[1318[1235[1264[1235[1251[1252[1258[1325[¨[1235[1235[1235[1235[1304[1300[1302[1311[1235[1264[1235[1304[1237[1273[1269[1271[1280[1250[1326[1326[1302[1303[1312[1317[1307[1318[1323[1264[1326[1302[1303[1312[1317[1307[1318[1323[1261[1249[1251[1304[1328[1247[1321[1307[1302[1318[1306[1264[1326[1321[1307[1302[1318[1306[1328[1247[1306[1303[1307[1305[1306[1318[1264[1326[1306[1303[1307[1305[1306[1318[1328[1328[1328[1237[¨[1235[1235[1235[1235[1304[1300[1310[1301[1235[1264[1235[1237[1273[1269[1279[1270[1250[1303[1312[1298[1288[1286[1237[¨[1235[1235[1235[1235[1304[1300[1301[1316[1235[1264[1235[1304[1237[1273[1269[1270[1285[1250[1326[1304[1300[1300[1320[1328[1237[¨[1235[1235[1235[1235[1304[1300[1311[1304[1235[1264[1235[1237[1273[1269[1280[1273[1250[1324[1318[1303[1237[¨[1235[1235[1235[1235[1304[1300[1300[1302[1235[1264[1235[1237[1273[1269[1269[1271[1250[1324[1318[1303[1237[¨[1235[1235[1235[1235[1304[1300[1302[1320[1235[1264[1235[1237[1273[1269[1271[1289[1250[1293[1259[1253[1253[1237[¨[1235[1235[1235[1235[1304[1300[1317[1320[1235[1264[1235[1237[1273[1269[1286[1289[1250[1254[1249[1253[1237[¨[1235[1235[1235[1235[1304[1300[1314[1312[1235[1264[1235[1304[1237[1273[1269[1283[1281[1250[1326[1316[1260[1312[1302[1313[1311[1249[1301[1306[1313[1307[1301[1303[1243[1317[1318[1316[1307[1312[1305[1249[1260[1317[1301[1307[1307[1298[1310[1313[1321[1303[1316[1301[1260[1317[1303[1244[1328[1237[¨[1235[1235[1235[1235[1304[1300[1301[1260[1235[1264[1235[1237[1312[1319[1310[1310[1273[1269[1270[1268[1250[1260[1316[1311[1303[1260[1300[1307[1248[1320[1257[1260[1261[1260[1316[1311[1303[1260[1300[1307[1262[1296[1237[¨[¨[1235[1235[1235[1235[1319[1317[1303[1316[1298[1260[1305[1303[1312[1318[1235[1264[1235[1304[1237[1326[1302[1260[1320[1307[1309[1298[1320[1303[1316[1317[1307[1313[1312[1328[1235[1243[1279[1307[1312[1319[1322[1262[1235[1288[1262[1235[1326[1260[1312[1302[1316[1313[1307[1302[1298[1320[1303[1316[1317[1307[1313[1312[1328[1262[1235[1326[1305[1298[1300[1319[1307[1310[1302[1328[1235[1294[1326[1304[1300[1260[1312[1328[1262[1326[1304[1300[1260[1320[1328[1262[1326[1304[1300[1300[1320[1328[1262[1326[1304[1300[1302[1311[1328[1262[1326[1304[1300[1310[1301[1328[1262[1326[1304[1300[1301[1316[1328[1262[1326[1304[1300[1311[1304[1328[1262[1326[1304[1300[1300[1302[1328[1262[1326[1304[1300[1314[1312[1328[1262[1326[1304[1300[1302[1320[1328[1262[1326[1304[1300[1317[1320[1328[1262[1326[1304[1300[1301[1260[1328[1237[¨[1235[1235[1235[1235[1316[1303[1318[1319[1316[1312[1235[1319[1317[1303[1316[1298[1260[1305[1303[1312[1318[¨''')