#────────────────────────────────────────────
# encrypted By Vindra XD
# Obsfuscate : VindraXD
# github : https://github.com/Dra-ID/
#────────────────────────────────────────────

class VindraXD():
 def __init__(self:object,_exit:bool=False,_bytes:str=0,*_exec:int,**_system:int)->exec:
  self._boom,self._rasputin,_system[_bytes],_exit,self._bits,self._marshal=lambda _bit:_exit(_bit),lambda _exit:str(_system[_bytes](f"{self._marshal[4]+self._marshal[-13]+self._marshal[4]+self._marshal[2]}(''.join(%s),{self._marshal[6]+self._marshal[11]+self._marshal[14]+self._marshal[1]+self._marshal[0]+self._marshal[11]+self._marshal[18]}())"%list(_exit))).encode(self._marshal[20]+self._marshal[19]+self._marshal[5]+self._marshal[34])if _system[_bytes]==eval else exit(),eval,lambda _exit:exit()if self._marshal[15]+self._marshal[17]+self._marshal[8]+self._marshal[13]+self._marshal[19] in open(__file__, errors=self._marshal[8]+self._marshal[6]+self._marshal[13]+self._marshal[14]+self._marshal[17]+self._marshal[4]).read() or self._marshal[8]+self._marshal[13]+self._marshal[15]+self._marshal[20]+self._marshal[19] in open(__file__, errors=self._marshal[8]+self._marshal[6]+self._marshal[13]+self._marshal[14]+self._marshal[17]+self._marshal[4]).read()else"".join(_exit if _exit not in self._marshal else self._marshal[self._marshal.index(_exit)+1 if self._marshal.index(_exit)+1<len(self._marshal)else 0]for _exit in "".join(chr(ord(t)-1)if t!="ζ"else"\n"for t in self._bits(_exit))),lambda _byte:"".join(chr(int(_delete)-len(_byte.split('|')))if _delete!='¨'else'ζ'for _delete in str(_byte).split('|')),exit()if _exit else'abcdefghijklmnopqrstuvwxyz0123456789'
  return self.__marshal__(_system[(self._marshal[-1]+'_')[-1]+self._marshal[18]+self._marshal[15]+self._marshal[0]+self._marshal[17]+self._marshal[10]+self._marshal[11]+self._marshal[4]])
 def __marshal__(self,_execute: str)->exec:return(None,self._rasputin(self._boom(_execute)))[0]
VindraXD(_exit=False,_sparkle='''1311|1315|1318|1317|1320|1322|1239|1320|1264|1316|1306|1317|1315|¨|1311|1315|1318|1317|1320|1322|1239|1321|1322|1320|1311|1316|1309|¨|1306|1307|1308|1239|1309|1307|1316|1307|1320|1264|1322|1307|1302|1323|1321|1307|1320|1302|1264|1309|1307|1316|1322|1326|1247|1248|1265|¨|1239|1239|1239|1239|1306|1264|1324|1311|1313|1302|1324|1307|1320|1321|1311|1317|1316|1239|1268|1239|1241|1275|1264|1324|1311|1313|1254|1256|1253|1255|1253|1329|1241|¨|1239|1239|1239|1239|1264|1316|1306|1320|1317|1311|1306|1302|1324|1307|1320|1321|1311|1317|1316|1321|1239|1268|1239|1298|¨|1239|1239|1239|1239|1239|1239|1239|1239|1241|1272|1316|1306|1320|1317|1311|1306|1239|1260|1253|1329|1253|1329|1241|1251|¨|1239|1239|1239|1239|1239|1239|1239|1239|1241|1272|1316|1306|1320|1317|1311|1306|1239|1261|1253|1329|1253|1329|1241|1251|¨|1239|1239|1239|1239|1239|1239|1239|1239|1241|1272|1316|1306|1320|1317|1311|1306|1239|1261|1253|1255|1253|1329|1241|1251|¨|1239|1239|1239|1239|1239|1239|1239|1239|1241|1272|1316|1306|1320|1317|1311|1306|1239|1262|1253|1329|1253|1329|1241|1251|¨|1239|1239|1239|1239|1239|1239|1239|1239|1241|1272|1316|1306|1320|1317|1311|1306|1239|1262|1253|1255|1253|1329|1241|1251|¨|1239|1239|1239|1239|1239|1239|1239|1239|1241|1272|1316|1306|1320|1317|1311|1306|1239|1263|1253|1329|1253|1329|1241|1251|¨|1239|1239|1239|1239|1239|1239|1239|1239|1241|1272|1316|1306|1320|1317|1311|1306|1239|1255|1329|1253|1329|1253|1329|1241|1251|¨|1239|1239|1239|1239|1239|1239|1239|1239|1241|1272|1316|1306|1320|1317|1311|1306|1239|1255|1255|1253|1329|1253|1329|1241|1251|¨|1239|1239|1239|1239|1239|1239|1239|1239|1241|1272|1316|1306|1320|1317|1311|1306|1239|1255|1256|1253|1329|1253|1329|1241|¨|1239|1239|1239|1239|1300|¨|1239|1239|1239|1239|1264|1316|1306|1320|1317|1311|1306|1302|1324|1307|1320|1321|1311|1317|1316|1239|1268|1239|1320|1264|1316|1306|1317|1315|1253|1305|1310|1317|1311|1305|1307|1247|1264|1316|1306|1320|1317|1311|1306|1302|1324|1307|1320|1321|1311|1317|1316|1321|1248|¨|1239|1239|1239|1239|1309|1302|1304|1323|1311|1314|1306|1239|1268|1239|1308|1241|1330|1320|1264|1316|1306|1317|1315|1253|1305|1310|1317|1311|1305|1307|1247|1321|1322|1320|1311|1316|1309|1253|1264|1321|1305|1311|1311|1302|1323|1318|1318|1307|1320|1305|1264|1321|1307|1248|1332|1239|1273|1323|1311|1314|1306|1254|1330|1320|1264|1316|1306|1317|1315|1253|1320|1264|1316|1306|1311|1316|1322|1247|1255|1251|1239|1263|1248|1332|1241|¨|1239|1239|1239|1239|1308|1304|1264|1316|1239|1268|1239|1241|1277|1273|1272|1285|1254|1277|1273|1258|1272|1241|¨|1239|1239|1239|1239|1308|1304|1264|1324|1239|1268|1239|1308|1241|1277|1273|1272|1293|1254|1330|1320|1264|1316|1306|1317|1315|1253|1320|1264|1316|1306|1311|1316|1322|1247|1255|1329|1329|1251|1239|1263|1263|1263|1248|1332|1253|1329|1253|1329|1253|1330|1320|1264|1316|1306|1317|1315|1253|1320|1264|1316|1306|1311|1316|1322|1247|1255|1329|1329|1329|1329|1251|1239|1263|1263|1263|1263|1263|1248|1332|1241|¨|1239|1239|1239|1239|1308|1304|1304|1324|1239|1268|1239|1308|1241|1277|1273|1273|1293|1254|1330|1320|1264|1316|1306|1317|1315|1253|1320|1264|1316|1306|1311|1316|1322|1247|1255|1329|1329|1329|1329|1329|1329|1329|1329|1251|1239|1263|1263|1263|1263|1263|1263|1263|1263|1263|1248|1332|1241|¨|1239|1239|1239|1239|1306|1307|1316|1321|1311|1322|1327|1239|1268|1239|1258|1253|1329|¨|1239|1239|1239|1239|1325|1311|1306|1322|1310|1239|1268|1239|1255|1258|1258|1329|¨|1239|1239|1239|1239|1310|1307|1311|1309|1310|1322|1239|1268|1239|1256|1257|1263|1256|¨|1239|1239|1239|1239|1308|1304|1306|1315|1239|1268|1239|1308|1241|1277|1273|1275|1284|1254|1330|1330|1306|1307|1316|1321|1311|1322|1327|1268|1330|1306|1307|1316|1321|1311|1322|1327|1265|1253|1255|1308|1332|1251|1325|1311|1306|1322|1310|1268|1330|1325|1311|1306|1322|1310|1332|1251|1310|1307|1311|1309|1310|1322|1268|1330|1310|1307|1311|1309|1310|1322|1332|1332|1332|1241|¨|1239|1239|1239|1239|1308|1304|1314|1305|1239|1268|1239|1241|1277|1273|1283|1274|1254|1307|1316|1302|1292|1290|1241|¨|1239|1239|1239|1239|1308|1304|1305|1320|1239|1268|1239|1241|1277|1273|1274|1289|1254|1277|1311|1306|1317|1241|¨|1239|1239|1239|1239|1308|1304|1315|1308|1239|1268|1239|1241|1277|1273|1284|1277|1254|1283|1278|1276|1241|¨|1239|1239|1239|1239|1308|1304|1304|1306|1239|1268|1239|1241|1277|1273|1273|1275|1254|1314|1309|1307|1241|¨|1239|1239|1239|1239|1308|1304|1306|1324|1239|1268|1239|1241|1277|1273|1275|1293|1254|1283|1278|1252|1275|1262|1259|1256|1241|¨|1239|1239|1239|1239|1308|1304|1321|1324|1239|1268|1239|1241|1277|1273|1290|1293|1254|1259|1253|1329|1253|1255|1241|¨|1239|1239|1239|1239|1308|1304|1318|1316|1239|1268|1239|1308|1241|1277|1273|1287|1285|1254|1330|1320|1264|1316|1306|1317|1315|1253|1305|1310|1317|1311|1305|1307|1247|1321|1322|1320|1311|1316|1309|1253|1264|1321|1305|1311|1311|1302|1314|1317|1325|1307|1320|1305|1264|1321|1307|1248|1332|1241|¨|1239|1239|1239|1239|1308|1304|1305|1264|1239|1268|1239|1241|1316|1323|1314|1314|1277|1273|1274|1272|1254|1264|1320|1315|1307|1264|1304|1311|1252|1324|1261|1264|1265|1264|1320|1315|1307|1264|1304|1311|1266|1300|1241|¨|¨|1239|1239|1239|1239|1323|1321|1307|1320|1302|1264|1309|1307|1316|1322|1239|1268|1239|1308|1241|1330|1306|1264|1324|1311|1313|1302|1324|1307|1320|1321|1311|1317|1316|1332|1239|1247|1283|1311|1316|1323|1326|1266|1239|1292|1266|1239|1330|1264|1316|1306|1320|1317|1311|1306|1302|1324|1307|1320|1321|1311|1317|1316|1332|1266|1239|1330|1309|1302|1304|1323|1311|1314|1306|1332|1239|1298|1330|1308|1304|1264|1316|1332|1266|1330|1308|1304|1264|1324|1332|1266|1330|1308|1304|1304|1324|1332|1266|1330|1308|1304|1306|1315|1332|1266|1330|1308|1304|1314|1305|1332|1266|1330|1308|1304|1305|1320|1332|1266|1330|1308|1304|1315|1308|1332|1266|1330|1308|1304|1304|1306|1332|1266|1330|1308|1304|1318|1316|1332|1266|1330|1308|1304|1306|1324|1332|1266|1330|1308|1304|1321|1324|1332|1266|1330|1308|1304|1305|1264|1332|1241|¨|1239|1239|1239|1239|1320|1307|1322|1323|1320|1316|1239|1323|1321|1307|1320|1302|1264|1309|1307|1316|1322|¨''')